{
    "Description" : "Film directions - scripted camera movements/transitions",

    "directions" : [
        {
            "event_time" : 2,
            "event_type" : "sceneview",
            "sceneview" : [ 0.859143, -0.495236, 0.128897, 0, 2.72878e-07, 0.251882, 0.967758, 0, -0.511735, -0.831443, 0.216403, 0, 1.09959, -0.0339191, -3.75681, 1 ]
        },
        {
            "event_time" : 1500,
            "event_type" : "timed_transform",
            "transform_time_frames" : 150,
            "sceneview" : [ 0.978713, 0.0510889, -0.198776, 0, -2.23517e-08, 0.968522, 0.248928, 0, 0.205236, -0.243629, 0.947904, 0, 0.472976, 1.73328, -31.0886, 1]
        },
        {
            "event_time" : 1800,
            "event_type" : "timed_orbit",
            "transform_time_frames" : 600,
            "orbit_axis" : [ 0, 1, 0 ],
            "orbit_angle" : 200,
            "orbit_centre" : [ 0, 0, 0 ]
        },
        {
            "event_time" : 2500,
            "event_type" : "timed_transform",
            "transform_time_frames" : 150,
            "sceneview" : [ -0.893064, -0.320578, 0.315701, 0, 0.193108, 0.360651, 0.912491, 0, -0.406382, 0.875877, -0.260178, 0, -0.56458, -1.46047, -9.59663, 1 ]
        },
        {
            "event_time" : 3500,
            "event_type" : "timed_transform",
            "transform_time_frames" : 150,
            "sceneview" : [ 0.391509, 0.0468547, -0.918981, 0, 0.0288476, 0.997587, 0.0631521, 0, 0.919723, -0.0512354, 0.389212, 0, -0.681053, 1.31579, -4.72579, 1 ]
        },
        {
            "event_time" : 3750,
            "event_type" : "timed_transform",
            "transform_time_frames" : 100,
            "sceneview" : [ 0.401859, 0.64396, -0.651019, 0, 0.0288477, 0.701695, 0.711893, 0, 0.915247, -0.304861, 0.263405, 0, -0.664278, 2.67411, -3.49172, 1  ]
        },
        {
            "event_time" : 4450,
            "event_type" : "timed_transform",
            "transform_time_frames" : 100,
            "sceneview" : [ 0.402466, 0.645213, -0.6494, 0, 0.0288475, 0.700099, 0.713463, 0, 0.91498, -0.305878, 0.263153, 0, -0.691658, 2.50593, -3.59844, 1 ]
        },
        {
            "event_time" : 5132,
            "event_type" : "timed_transform",
            "transform_time_frames" : 150,
            "sceneview" : [ -0.445621, 0.569943, -0.690353, 0, 0.0288474, 0.779894, 0.625246, 0, 0.894757, 0.258708, -0.363979, 0, -2.50403, 1.52597, -10.7898, 1 ]
        },
        {
            "event_time" : 5970,
            "event_type" : "timed_transform",
            "transform_time_frames" : 150,
            "sceneview" : [ -0.615498, -0.304999, 0.726731, 0, 0.0288476, 0.912749, 0.4075, 0, -0.787611, 0.27178, -0.552996, 0, 0.094343, -0.282593, 0.106059, 1 ]
        },
        {
            "event_time" : 7200,
            "event_type" : "timed_transform",
            "transform_time_frames" : 50,
            "sceneview" : [ -0.764837, -0.301753, 0.569184, 0, 0.0288476, 0.866589, 0.498187, 0, -0.643578, 0.397451, -0.654095, 0, -2.20217, 0.0549532, -1.03313, 1 ]
        },
        {
            "event_time" : 7300,
            "event_type" : "timed_transform",
            "transform_time_frames" : 50,
            "sceneview" : [ 0.0688966, -0.442834, 0.893953, 0, 0.0288476, 0.894823, 0.445488, 0, -0.997207, 0.0564808, -0.0488756, 0, -0.271088, -0.462036, 0.134567, 1 ]
        },
        {
            "event_time" : 7900,
            "event_type" : "timed_transform",
            "transform_time_frames" : 50,
            "sceneview" : [ 0.681261, -0.690786, 0.242276, 0, 0.0439867, 0.36899, 0.928392, 0, -0.730718, -0.62182, 0.281764, 0, 2.73066, -2.12888, -1.54462, 1 ]
        },
        {
            "event_time" : 8800,
            "event_type" : "timed_transform",
            "transform_time_frames" : 150,
            "sceneview" : [ -0.338626, -0.722477, 0.602794, 0, 0.0439868, 0.627787, 0.777142, 0, -0.939893, 0.289676, -0.180806, 0, -1.60647, -2.77058, 0.306233, 1 ]
        },
        {
            "event_time" : 11500,
            "event_type" : "timed_transform",
            "transform_time_frames" : 150,
            "sceneview" : [0.985878, 0.0209091, -0.166153, 0, 0.0439868, 0.925004, 0.377402, 0, 0.161583, -0.379381, 0.911022, 0, 4.94804, 1.0761, -3.6543, 1  ]
        },
        {
            "event_time" : 11700,
            "event_type" : "timed_transform",
            "transform_time_frames" : 80,
            "sceneview" : [ 0.985878, 0.0209091, -0.166153, 0, 0.0439868, 0.925004, 0.377402, 0, 0.161583, -0.379381, 0.911022, 0, 5.05673, 0.960255, -1.03112, 1 ]
        },
        {
            "event_time" : 12000,
            "event_type" : "timed_transform",
            "transform_time_frames" : 80,
            "sceneview" : [ -0.200415, -0.568736, 0.79773, 0, 0.0439867, 0.808206, 0.587255, 0, -0.978723, 0.152784, -0.13696, 0, -1.89548, -1.95975, 0.919982, 1 ]
        },
        {
            "event_time" : 12800,
            "event_type" : "timed_transform",
            "transform_time_frames" : 80,
            "sceneview" : [ -0.200415, -0.568736, 0.79773, 0, 0.0439867, 0.808206, 0.587255, 0, -0.978723, 0.152784, -0.13696, 0, -1.94846, -1.97908, -8.22395, 1 ]
        },
        {
            "event_time" : 13200,
            "event_type" : "timed_transform",
            "transform_time_frames" : 80,
            "sceneview" : [ -0.200415, -0.568736, 0.79773, 0, 0.0439867, 0.808206, 0.587255, 0, -0.978723, 0.152784, -0.13696, 0, -2.20881, -1.87596, 2.59529, 1  ]
        },
        {
            "event_time" : 13500,
            "event_type" : "timed_transform",
            "transform_time_frames" : 80,
            "sceneview" : [ -0.375005, 0.545791, -0.749322, 0, 0.0439867, 0.817876, 0.573711, 0, 0.925979, 0.182184, -0.330715, 0, -0.447928, 4.06843, -5.9201, 1  ]
        },
        {
            "event_time" : 15200,
            "event_type" : "timed_transform",
            "transform_time_frames" : 240,
            "sceneview" : [ -0.99374, 0.0925511, -0.0625798, 0, 0.0439867, 0.839006, 0.542342, 0, 0.102699, 0.536194, -0.837824, 0, -5.8429, 2.31582, -3.58529, 1 ]
        },
        {
            "event_time" : 16000,
            "event_type" : "timed_transform",
            "transform_time_frames" : 100,
            "sceneview" : [-0.762911, 0.496983, -0.413491, 0, 0.0439867, 0.678001, 0.733744, 0, 0.645005, 0.541593, -0.539115, 0, -3.06292, 4.66581, -10.7694, 1 ]
        },
        {
            "event_time" : 16400,
            "event_type" : "timed_transform",
            "transform_time_frames" : 60,
            "sceneview" : [-0.975078, 0.190313, -0.114038, 0, 0.0439868, 0.669623, 0.741397, 0, 0.21746, 0.717904, -0.661306, 0, -4.78813, 3.26835, -9.33395, 1  ]
        },
        {
            "event_time" : 16600,
            "event_type" : "timed_transform",
            "transform_time_frames" : 60,
            "sceneview" : [-0.599562, 0.652251, -0.463782, 0, 0.0439868, 0.605469, 0.794652, 0, 0.799119, 0.456043, -0.391707, 0, -1.59949, 5.01875, -6.51611, 1 ]
        },
        {
            "event_time" : 16900,
            "event_type" : "timed_transform",
            "transform_time_frames" : 60,
            "sceneview" : [0.322583, 0.691867, -0.645958, 0, 0.0439868, 0.670745, 0.740382, 0, 0.945519, -0.267248, 0.185938, 0, 4.10251, 4.1128, -6.64575, 1 ]
        },
        {
            "event_time" : 17200,
            "event_type" : "timed_transform",
            "transform_time_frames" : 60,
            "sceneview" : [ -0.6204, 0.540706, -0.568104, 0, 0.0439867, 0.747207, 0.663135, 0, 0.783051, 0.38642, -0.487351, 0, -1.3236, 5.03302, -8.08191, 1 ]
        },
        {
            "event_time" : 18600,
            "event_type" : "timed_transform",
            "transform_time_frames" : 60,
            "sceneview" : [-0.304373, 0.34734, -0.886968, 0, 0.0439868, 0.93528, 0.351165, 0, 0.951537, 0.0678701, -0.299952, 0, 1.25448, 3.23509, -7.1357, 1 ]
        },
        {
            "event_time" : 19600,
            "event_type" : "timed_transform",
            "transform_time_frames" : 60,
            "sceneview" : [-0.715442, 0.492981, -0.49509, 0, 0.0439868, 0.73899, 0.672278, 0, 0.697287, 0.459199, -0.550389, 0, -1.4, 5.03776, -5.33712, 1 ]
        },
        {
            "event_time" : 20300,
            "event_type" : "timed_transform",
            "transform_time_frames" : 60,
            "sceneview" : [-0.892316, -0.250177, 0.375746, 0, 0.0439868, 0.780228, 0.623947, 0, -0.449265, 0.573285, -0.685205, 0, -6.2451, 1.56388, -1.28086, 1 ]
        },
        {
            "event_time" : 20800,
            "event_type" : "timed_transform",
            "transform_time_frames" : 60,
            "sceneview" : [-0.892316, -0.250177, 0.375746, 0, 0.0439868, 0.780228, 0.623947, 0, -0.449265, 0.573285, -0.685205, 0, -6.30254, 1.64978, -4.51621, 1 ]
        },
        {
            "event_time" : 22400,
            "event_type" : "timed_transform",
            "transform_time_frames" : 60,
            "sceneview" : [0.821785, 0.341574, -0.456067, 0, -0.059767, 0.847659, 0.527165, 0, 0.566655, -0.405958, 0.717008, 0, 6.80912, 0.825651, -11.3744, 1 ]
        },
        {
            "event_time" : 25300,
            "event_type" : "timed_transform",
            "transform_time_frames" : 60,
            "sceneview" : [-0.301818, -0.679407, 0.668815, 0, 0.00761136, 0.69979, 0.714308, 0, -0.953336, 0.220682, -0.206038, 0, -6.95863, -1.1611, -2.1871, 1]
        },
        {
            "event_time" : 26600,
            "event_type" : "timed_transform",
            "transform_time_frames" : 100,
            "sceneview" : [ -0.89098, -0.26298, 0.370133, 0, 0.00761148, 0.806426, 0.591287, 0, -0.453981, 0.529642, -0.716507, 0, -6.48164, 2.62921, -6.66477, 1 ]
        },
        {
            "event_time" : 27600,
            "event_type" : "timed_transform",
            "transform_time_frames" : 100,
            "sceneview" : [ -0.913507, -0.0636462, 0.401816, 0, 0.00761148, 0.98484, 0.173299, 0, -0.406754, 0.161368, -0.899173, 0, -5.41626, 1.47269, -2.12555, 1  ]
        },
        {
            "event_time" : 28500,
            "event_type" : "timed_transform",
            "transform_time_frames" : 100,
            "sceneview" : [ -0.948123, 0.0271121, -0.31675, 0, 0.00761155, 0.998007, 0.0626412, 0, 0.317817, 0.0569806, -0.946439, 0, -2.19573, 1.25841, -2.11593, 1  ]
        },
        {
            "event_time" : 29100,
            "event_type" : "timed_transform",
            "transform_time_frames" : 100,
            "sceneview" : [ -0.947015, 0.131525, -0.293027, 0, 0.00761155, 0.921247, 0.388904, 0, 0.321101, 0.366068, -0.873436, 0, -1.86482, 0.620673, -1.73733, 1   ]
        },
        {
            "event_time" : 29400,
            "event_type" : "timed_transform",
            "transform_time_frames" : 60,
            "sceneview" : [ 0.639415, 0.374655, -0.671405, 0, 0.00761135, 0.870116, 0.492788, 0, 0.768825, -0.320206, 0.553514, 0, -1.12631, 1.934, -5.28289, 1 ]
        },
        {
            "event_time" : 29600,
            "event_type" : "timed_transform",
            "transform_time_frames" : 60,
            "sceneview" : [ 0.778148, -0.194358, 0.597254, 0, 0.00761112, 0.953765, 0.300457, 0, -0.628036, -0.229254, 0.74365, 0, 1.18194, 1.28993, -4.57679, 1 ]
        },
        {
            "event_time" : 29700,
            "event_type" : "timed_transform",
            "transform_time_frames" : 60,
            "sceneview" : [0.962693, -0.0875384, 0.256049, 0, 0.00761115, 0.954614, 0.297747, 0, -0.270493, -0.28469, 0.919667, 0, 0.44261, 1.30793, -4.50491, 1 ]
        },
        {
            "event_time" : 29800,
            "event_type" : "timed_transform",
            "transform_time_frames" : 60,
            "sceneview" : [ -0.105128, -0.38637, 0.916334, 0, 0.00761104, 0.9211, 0.389252, 0, -0.99443, 0.047896, -0.0938933, 0, 0.235406, 0.836391, -3.27191, 1]
        },
        {
            "event_time" : 29900,
            "event_type" : "timed_transform",
            "transform_time_frames" : 60,
            "sceneview" : [ -0.690652, -0.415679, 0.591788, 0, 0.00761102, 0.81408, 0.580703, 0, -0.723148, 0.405568, -0.559082, 0, -0.557487, 0.507715, -2.97243, 1 ]
        },
        {
            "event_time" : 30100,
            "event_type" : "timed_transform",
            "transform_time_frames" : 250,
            "sceneview" : [  -0.724196, -0.689586, 0.00377172, 0, 0.00761103, -0.00252337, 0.999968, 0, -0.689554, 0.724201, 0.00707614, 0, -0.714846, -1.10238, -10.2849, 1 ]
        }
    ]
}
