{
    "Description" : "Film directions - scripted camera movements/transitions",

    "directions" : [
        {
            "event_time" : 3,
            "event_type" : "sceneview",
            "sceneview" : [ -0.999347, 0.0361238, -9.22128e-05, 0, -0.00347306, -0.0935388, 0.995609, 0, 0.0359567, 0.99496, 0.0936033, 0, -1.05195, -0.383238, -7.30366, 1]
        },
        {
            "event_time" : 100,
            "event_type" : "timed_translation",
            "translation" : [ 0, 0, -10 ],
            "transform_time_frames" : 200
        },
        {
            "event_time" : 500,
            "event_type" : "timed_translation",
            "translation" : [ 0, 0, 10 ],
            "transform_time_frames" : 100
        },
        {
            "event_time" : 700,
            "event_type" : "timed_transform",
            "sceneview" : [ -0.537382, -0.576555, 0.615472, 0, 0.0108097, 0.725034, 0.688628, 0, -0.84327, 0.376709, -0.383388, 0, 0.55605, 0.313622, -2.54688, 1 ],
            "transform_time_frames" : 50
        },
        {
            "event_time" : 1000,
            "event_type" : "timed_transform",
            "sceneview" : [ -0.832316, 0.0612339, -0.550908, 0, 0.0108099, 0.995484, 0.094317, 0, 0.554196, 0.0725465, -0.829219, 0, -0.730809, 1.08593, 0.442451, 1 ],
            "transform_time_frames" : 50
        }
    ]
}
